{
 "cells": [
  {
   "cell_type": "code",
   "execution_count": 1,
   "metadata": {},
   "outputs": [
    {
     "data": {
      "text/html": [
       "<style>\n",
       ".list-inline {list-style: none; margin:0; padding: 0}\n",
       ".list-inline>li {display: inline-block}\n",
       ".list-inline>li:not(:last-child)::after {content: \"\\00b7\"; padding: 0 .5ex}\n",
       "</style>\n",
       "<ol class=list-inline><li>0</li><li>1</li><li>2</li><li>3</li><li>4</li><li>5</li><li>6</li><li>7</li><li>8</li><li>1</li><li>3</li><li>5</li><li>7</li><li>9</li><li>11</li><li>13</li><li>15</li><li>17</li><li>2</li><li>5</li><li>8</li><li>11</li><li>14</li><li>17</li><li>20</li><li>23</li><li>26</li><li>3</li><li>7</li><li>11</li><li>15</li><li>19</li><li>23</li><li>27</li><li>31</li><li>35</li><li>4</li><li>9</li><li>14</li><li>19</li><li>24</li><li>29</li><li>34</li><li>39</li><li>44</li><li>5</li><li>11</li><li>17</li><li>23</li><li>29</li><li>35</li><li>41</li><li>47</li><li>53</li><li>6</li><li>13</li><li>20</li><li>27</li><li>34</li><li>41</li><li>48</li><li>55</li><li>62</li><li>7</li><li>15</li><li>23</li><li>31</li><li>39</li><li>47</li><li>55</li><li>63</li><li>71</li><li>8</li><li>17</li><li>26</li><li>35</li><li>44</li><li>53</li><li>62</li><li>71</li><li>80</li><li>1</li><li>3</li><li>5</li><li>7</li><li>9</li><li>11</li><li>13</li><li>15</li><li>17</li><li>3</li><li>7</li><li>11</li><li>15</li><li>19</li><li>23</li><li>27</li><li>31</li><li>35</li><li>5</li><li>11</li><li>17</li><li>23</li><li>29</li><li>35</li><li>41</li><li>47</li><li>53</li><li>7</li><li>15</li><li>23</li><li>31</li><li>39</li><li>47</li><li>55</li><li>63</li><li>71</li><li>9</li><li>19</li><li>29</li><li>39</li><li>49</li><li>59</li><li>69</li><li>79</li><li>89</li><li>11</li><li>23</li><li>35</li><li>47</li><li>59</li><li>71</li><li>83</li><li>95</li><li>107</li><li>13</li><li>27</li><li>41</li><li>55</li><li>69</li><li>83</li><li>97</li><li>111</li><li>125</li><li>15</li><li>31</li><li>47</li><li>63</li><li>79</li><li>95</li><li>111</li><li>127</li><li>143</li><li>17</li><li>35</li><li>53</li><li>71</li><li>89</li><li>107</li><li>125</li><li>143</li><li>161</li><li>2</li><li>5</li><li>8</li><li>11</li><li>14</li><li>17</li><li>20</li><li>23</li><li>26</li><li>5</li><li>11</li><li>17</li><li>23</li><li>29</li><li>35</li><li>41</li><li>47</li><li>53</li><li>8</li><li>17</li><li>26</li><li>35</li><li>44</li><li>53</li><li>62</li><li>71</li><li>80</li><li>11</li><li>23</li><li>35</li><li>47</li><li>59</li><li>71</li><li>83</li><li>95</li><li>107</li><li>14</li><li>29</li><li>⋯</li><li>-449</li><li>-414</li><li>-687</li><li>-645</li><li>-603</li><li>-561</li><li>-519</li><li>-477</li><li>-435</li><li>-393</li><li>-351</li><li>-680</li><li>-631</li><li>-582</li><li>-533</li><li>-484</li><li>-435</li><li>-386</li><li>-337</li><li>-288</li><li>-673</li><li>-617</li><li>-561</li><li>-505</li><li>-449</li><li>-393</li><li>-337</li><li>-281</li><li>-225</li><li>-666</li><li>-603</li><li>-540</li><li>-477</li><li>-414</li><li>-351</li><li>-288</li><li>-225</li><li>-162</li><li>-721</li><li>-713</li><li>-705</li><li>-697</li><li>-689</li><li>-681</li><li>-673</li><li>-665</li><li>-657</li><li>-713</li><li>-697</li><li>-681</li><li>-665</li><li>-649</li><li>-633</li><li>-617</li><li>-601</li><li>-585</li><li>-705</li><li>-681</li><li>-657</li><li>-633</li><li>-609</li><li>-585</li><li>-561</li><li>-537</li><li>-513</li><li>-697</li><li>-665</li><li>-633</li><li>-601</li><li>-569</li><li>-537</li><li>-505</li><li>-473</li><li>-441</li><li>-689</li><li>-649</li><li>-609</li><li>-569</li><li>-529</li><li>-489</li><li>-449</li><li>-409</li><li>-369</li><li>-681</li><li>-633</li><li>-585</li><li>-537</li><li>-489</li><li>-441</li><li>-393</li><li>-345</li><li>-297</li><li>-673</li><li>-617</li><li>-561</li><li>-505</li><li>-449</li><li>-393</li><li>-337</li><li>-281</li><li>-225</li><li>-665</li><li>-601</li><li>-537</li><li>-473</li><li>-409</li><li>-345</li><li>-281</li><li>-217</li><li>-153</li><li>-657</li><li>-585</li><li>-513</li><li>-441</li><li>-369</li><li>-297</li><li>-225</li><li>-153</li><li>-81</li><li>-720</li><li>-711</li><li>-702</li><li>-693</li><li>-684</li><li>-675</li><li>-666</li><li>-657</li><li>-648</li><li>-711</li><li>-693</li><li>-675</li><li>-657</li><li>-639</li><li>-621</li><li>-603</li><li>-585</li><li>-567</li><li>-702</li><li>-675</li><li>-648</li><li>-621</li><li>-594</li><li>-567</li><li>-540</li><li>-513</li><li>-486</li><li>-693</li><li>-657</li><li>-621</li><li>-585</li><li>-549</li><li>-513</li><li>-477</li><li>-441</li><li>-405</li><li>-684</li><li>-639</li><li>-594</li><li>-549</li><li>-504</li><li>-459</li><li>-414</li><li>-369</li><li>-324</li><li>-675</li><li>-621</li><li>-567</li><li>-513</li><li>-459</li><li>-405</li><li>-351</li><li>-297</li><li>-243</li><li>-666</li><li>-603</li><li>-540</li><li>-477</li><li>-414</li><li>-351</li><li>-288</li><li>-225</li><li>-162</li><li>-657</li><li>-585</li><li>-513</li><li>-441</li><li>-369</li><li>-297</li><li>-225</li><li>-153</li><li>-81</li><li>-648</li><li>-567</li><li>-486</li><li>-405</li><li>-324</li><li>-243</li><li>-162</li><li>-81</li><li>0</li></ol>\n"
      ],
      "text/latex": [
       "\\begin{enumerate*}\n",
       "\\item 0\n",
       "\\item 1\n",
       "\\item 2\n",
       "\\item 3\n",
       "\\item 4\n",
       "\\item 5\n",
       "\\item 6\n",
       "\\item 7\n",
       "\\item 8\n",
       "\\item 1\n",
       "\\item 3\n",
       "\\item 5\n",
       "\\item 7\n",
       "\\item 9\n",
       "\\item 11\n",
       "\\item 13\n",
       "\\item 15\n",
       "\\item 17\n",
       "\\item 2\n",
       "\\item 5\n",
       "\\item 8\n",
       "\\item 11\n",
       "\\item 14\n",
       "\\item 17\n",
       "\\item 20\n",
       "\\item 23\n",
       "\\item 26\n",
       "\\item 3\n",
       "\\item 7\n",
       "\\item 11\n",
       "\\item 15\n",
       "\\item 19\n",
       "\\item 23\n",
       "\\item 27\n",
       "\\item 31\n",
       "\\item 35\n",
       "\\item 4\n",
       "\\item 9\n",
       "\\item 14\n",
       "\\item 19\n",
       "\\item 24\n",
       "\\item 29\n",
       "\\item 34\n",
       "\\item 39\n",
       "\\item 44\n",
       "\\item 5\n",
       "\\item 11\n",
       "\\item 17\n",
       "\\item 23\n",
       "\\item 29\n",
       "\\item 35\n",
       "\\item 41\n",
       "\\item 47\n",
       "\\item 53\n",
       "\\item 6\n",
       "\\item 13\n",
       "\\item 20\n",
       "\\item 27\n",
       "\\item 34\n",
       "\\item 41\n",
       "\\item 48\n",
       "\\item 55\n",
       "\\item 62\n",
       "\\item 7\n",
       "\\item 15\n",
       "\\item 23\n",
       "\\item 31\n",
       "\\item 39\n",
       "\\item 47\n",
       "\\item 55\n",
       "\\item 63\n",
       "\\item 71\n",
       "\\item 8\n",
       "\\item 17\n",
       "\\item 26\n",
       "\\item 35\n",
       "\\item 44\n",
       "\\item 53\n",
       "\\item 62\n",
       "\\item 71\n",
       "\\item 80\n",
       "\\item 1\n",
       "\\item 3\n",
       "\\item 5\n",
       "\\item 7\n",
       "\\item 9\n",
       "\\item 11\n",
       "\\item 13\n",
       "\\item 15\n",
       "\\item 17\n",
       "\\item 3\n",
       "\\item 7\n",
       "\\item 11\n",
       "\\item 15\n",
       "\\item 19\n",
       "\\item 23\n",
       "\\item 27\n",
       "\\item 31\n",
       "\\item 35\n",
       "\\item 5\n",
       "\\item 11\n",
       "\\item 17\n",
       "\\item 23\n",
       "\\item 29\n",
       "\\item 35\n",
       "\\item 41\n",
       "\\item 47\n",
       "\\item 53\n",
       "\\item 7\n",
       "\\item 15\n",
       "\\item 23\n",
       "\\item 31\n",
       "\\item 39\n",
       "\\item 47\n",
       "\\item 55\n",
       "\\item 63\n",
       "\\item 71\n",
       "\\item 9\n",
       "\\item 19\n",
       "\\item 29\n",
       "\\item 39\n",
       "\\item 49\n",
       "\\item 59\n",
       "\\item 69\n",
       "\\item 79\n",
       "\\item 89\n",
       "\\item 11\n",
       "\\item 23\n",
       "\\item 35\n",
       "\\item 47\n",
       "\\item 59\n",
       "\\item 71\n",
       "\\item 83\n",
       "\\item 95\n",
       "\\item 107\n",
       "\\item 13\n",
       "\\item 27\n",
       "\\item 41\n",
       "\\item 55\n",
       "\\item 69\n",
       "\\item 83\n",
       "\\item 97\n",
       "\\item 111\n",
       "\\item 125\n",
       "\\item 15\n",
       "\\item 31\n",
       "\\item 47\n",
       "\\item 63\n",
       "\\item 79\n",
       "\\item 95\n",
       "\\item 111\n",
       "\\item 127\n",
       "\\item 143\n",
       "\\item 17\n",
       "\\item 35\n",
       "\\item 53\n",
       "\\item 71\n",
       "\\item 89\n",
       "\\item 107\n",
       "\\item 125\n",
       "\\item 143\n",
       "\\item 161\n",
       "\\item 2\n",
       "\\item 5\n",
       "\\item 8\n",
       "\\item 11\n",
       "\\item 14\n",
       "\\item 17\n",
       "\\item 20\n",
       "\\item 23\n",
       "\\item 26\n",
       "\\item 5\n",
       "\\item 11\n",
       "\\item 17\n",
       "\\item 23\n",
       "\\item 29\n",
       "\\item 35\n",
       "\\item 41\n",
       "\\item 47\n",
       "\\item 53\n",
       "\\item 8\n",
       "\\item 17\n",
       "\\item 26\n",
       "\\item 35\n",
       "\\item 44\n",
       "\\item 53\n",
       "\\item 62\n",
       "\\item 71\n",
       "\\item 80\n",
       "\\item 11\n",
       "\\item 23\n",
       "\\item 35\n",
       "\\item 47\n",
       "\\item 59\n",
       "\\item 71\n",
       "\\item 83\n",
       "\\item 95\n",
       "\\item 107\n",
       "\\item 14\n",
       "\\item 29\n",
       "\\item ⋯\n",
       "\\item -449\n",
       "\\item -414\n",
       "\\item -687\n",
       "\\item -645\n",
       "\\item -603\n",
       "\\item -561\n",
       "\\item -519\n",
       "\\item -477\n",
       "\\item -435\n",
       "\\item -393\n",
       "\\item -351\n",
       "\\item -680\n",
       "\\item -631\n",
       "\\item -582\n",
       "\\item -533\n",
       "\\item -484\n",
       "\\item -435\n",
       "\\item -386\n",
       "\\item -337\n",
       "\\item -288\n",
       "\\item -673\n",
       "\\item -617\n",
       "\\item -561\n",
       "\\item -505\n",
       "\\item -449\n",
       "\\item -393\n",
       "\\item -337\n",
       "\\item -281\n",
       "\\item -225\n",
       "\\item -666\n",
       "\\item -603\n",
       "\\item -540\n",
       "\\item -477\n",
       "\\item -414\n",
       "\\item -351\n",
       "\\item -288\n",
       "\\item -225\n",
       "\\item -162\n",
       "\\item -721\n",
       "\\item -713\n",
       "\\item -705\n",
       "\\item -697\n",
       "\\item -689\n",
       "\\item -681\n",
       "\\item -673\n",
       "\\item -665\n",
       "\\item -657\n",
       "\\item -713\n",
       "\\item -697\n",
       "\\item -681\n",
       "\\item -665\n",
       "\\item -649\n",
       "\\item -633\n",
       "\\item -617\n",
       "\\item -601\n",
       "\\item -585\n",
       "\\item -705\n",
       "\\item -681\n",
       "\\item -657\n",
       "\\item -633\n",
       "\\item -609\n",
       "\\item -585\n",
       "\\item -561\n",
       "\\item -537\n",
       "\\item -513\n",
       "\\item -697\n",
       "\\item -665\n",
       "\\item -633\n",
       "\\item -601\n",
       "\\item -569\n",
       "\\item -537\n",
       "\\item -505\n",
       "\\item -473\n",
       "\\item -441\n",
       "\\item -689\n",
       "\\item -649\n",
       "\\item -609\n",
       "\\item -569\n",
       "\\item -529\n",
       "\\item -489\n",
       "\\item -449\n",
       "\\item -409\n",
       "\\item -369\n",
       "\\item -681\n",
       "\\item -633\n",
       "\\item -585\n",
       "\\item -537\n",
       "\\item -489\n",
       "\\item -441\n",
       "\\item -393\n",
       "\\item -345\n",
       "\\item -297\n",
       "\\item -673\n",
       "\\item -617\n",
       "\\item -561\n",
       "\\item -505\n",
       "\\item -449\n",
       "\\item -393\n",
       "\\item -337\n",
       "\\item -281\n",
       "\\item -225\n",
       "\\item -665\n",
       "\\item -601\n",
       "\\item -537\n",
       "\\item -473\n",
       "\\item -409\n",
       "\\item -345\n",
       "\\item -281\n",
       "\\item -217\n",
       "\\item -153\n",
       "\\item -657\n",
       "\\item -585\n",
       "\\item -513\n",
       "\\item -441\n",
       "\\item -369\n",
       "\\item -297\n",
       "\\item -225\n",
       "\\item -153\n",
       "\\item -81\n",
       "\\item -720\n",
       "\\item -711\n",
       "\\item -702\n",
       "\\item -693\n",
       "\\item -684\n",
       "\\item -675\n",
       "\\item -666\n",
       "\\item -657\n",
       "\\item -648\n",
       "\\item -711\n",
       "\\item -693\n",
       "\\item -675\n",
       "\\item -657\n",
       "\\item -639\n",
       "\\item -621\n",
       "\\item -603\n",
       "\\item -585\n",
       "\\item -567\n",
       "\\item -702\n",
       "\\item -675\n",
       "\\item -648\n",
       "\\item -621\n",
       "\\item -594\n",
       "\\item -567\n",
       "\\item -540\n",
       "\\item -513\n",
       "\\item -486\n",
       "\\item -693\n",
       "\\item -657\n",
       "\\item -621\n",
       "\\item -585\n",
       "\\item -549\n",
       "\\item -513\n",
       "\\item -477\n",
       "\\item -441\n",
       "\\item -405\n",
       "\\item -684\n",
       "\\item -639\n",
       "\\item -594\n",
       "\\item -549\n",
       "\\item -504\n",
       "\\item -459\n",
       "\\item -414\n",
       "\\item -369\n",
       "\\item -324\n",
       "\\item -675\n",
       "\\item -621\n",
       "\\item -567\n",
       "\\item -513\n",
       "\\item -459\n",
       "\\item -405\n",
       "\\item -351\n",
       "\\item -297\n",
       "\\item -243\n",
       "\\item -666\n",
       "\\item -603\n",
       "\\item -540\n",
       "\\item -477\n",
       "\\item -414\n",
       "\\item -351\n",
       "\\item -288\n",
       "\\item -225\n",
       "\\item -162\n",
       "\\item -657\n",
       "\\item -585\n",
       "\\item -513\n",
       "\\item -441\n",
       "\\item -369\n",
       "\\item -297\n",
       "\\item -225\n",
       "\\item -153\n",
       "\\item -81\n",
       "\\item -648\n",
       "\\item -567\n",
       "\\item -486\n",
       "\\item -405\n",
       "\\item -324\n",
       "\\item -243\n",
       "\\item -162\n",
       "\\item -81\n",
       "\\item 0\n",
       "\\end{enumerate*}\n"
      ],
      "text/markdown": [
       "1. 0\n",
       "2. 1\n",
       "3. 2\n",
       "4. 3\n",
       "5. 4\n",
       "6. 5\n",
       "7. 6\n",
       "8. 7\n",
       "9. 8\n",
       "10. 1\n",
       "11. 3\n",
       "12. 5\n",
       "13. 7\n",
       "14. 9\n",
       "15. 11\n",
       "16. 13\n",
       "17. 15\n",
       "18. 17\n",
       "19. 2\n",
       "20. 5\n",
       "21. 8\n",
       "22. 11\n",
       "23. 14\n",
       "24. 17\n",
       "25. 20\n",
       "26. 23\n",
       "27. 26\n",
       "28. 3\n",
       "29. 7\n",
       "30. 11\n",
       "31. 15\n",
       "32. 19\n",
       "33. 23\n",
       "34. 27\n",
       "35. 31\n",
       "36. 35\n",
       "37. 4\n",
       "38. 9\n",
       "39. 14\n",
       "40. 19\n",
       "41. 24\n",
       "42. 29\n",
       "43. 34\n",
       "44. 39\n",
       "45. 44\n",
       "46. 5\n",
       "47. 11\n",
       "48. 17\n",
       "49. 23\n",
       "50. 29\n",
       "51. 35\n",
       "52. 41\n",
       "53. 47\n",
       "54. 53\n",
       "55. 6\n",
       "56. 13\n",
       "57. 20\n",
       "58. 27\n",
       "59. 34\n",
       "60. 41\n",
       "61. 48\n",
       "62. 55\n",
       "63. 62\n",
       "64. 7\n",
       "65. 15\n",
       "66. 23\n",
       "67. 31\n",
       "68. 39\n",
       "69. 47\n",
       "70. 55\n",
       "71. 63\n",
       "72. 71\n",
       "73. 8\n",
       "74. 17\n",
       "75. 26\n",
       "76. 35\n",
       "77. 44\n",
       "78. 53\n",
       "79. 62\n",
       "80. 71\n",
       "81. 80\n",
       "82. 1\n",
       "83. 3\n",
       "84. 5\n",
       "85. 7\n",
       "86. 9\n",
       "87. 11\n",
       "88. 13\n",
       "89. 15\n",
       "90. 17\n",
       "91. 3\n",
       "92. 7\n",
       "93. 11\n",
       "94. 15\n",
       "95. 19\n",
       "96. 23\n",
       "97. 27\n",
       "98. 31\n",
       "99. 35\n",
       "100. 5\n",
       "101. 11\n",
       "102. 17\n",
       "103. 23\n",
       "104. 29\n",
       "105. 35\n",
       "106. 41\n",
       "107. 47\n",
       "108. 53\n",
       "109. 7\n",
       "110. 15\n",
       "111. 23\n",
       "112. 31\n",
       "113. 39\n",
       "114. 47\n",
       "115. 55\n",
       "116. 63\n",
       "117. 71\n",
       "118. 9\n",
       "119. 19\n",
       "120. 29\n",
       "121. 39\n",
       "122. 49\n",
       "123. 59\n",
       "124. 69\n",
       "125. 79\n",
       "126. 89\n",
       "127. 11\n",
       "128. 23\n",
       "129. 35\n",
       "130. 47\n",
       "131. 59\n",
       "132. 71\n",
       "133. 83\n",
       "134. 95\n",
       "135. 107\n",
       "136. 13\n",
       "137. 27\n",
       "138. 41\n",
       "139. 55\n",
       "140. 69\n",
       "141. 83\n",
       "142. 97\n",
       "143. 111\n",
       "144. 125\n",
       "145. 15\n",
       "146. 31\n",
       "147. 47\n",
       "148. 63\n",
       "149. 79\n",
       "150. 95\n",
       "151. 111\n",
       "152. 127\n",
       "153. 143\n",
       "154. 17\n",
       "155. 35\n",
       "156. 53\n",
       "157. 71\n",
       "158. 89\n",
       "159. 107\n",
       "160. 125\n",
       "161. 143\n",
       "162. 161\n",
       "163. 2\n",
       "164. 5\n",
       "165. 8\n",
       "166. 11\n",
       "167. 14\n",
       "168. 17\n",
       "169. 20\n",
       "170. 23\n",
       "171. 26\n",
       "172. 5\n",
       "173. 11\n",
       "174. 17\n",
       "175. 23\n",
       "176. 29\n",
       "177. 35\n",
       "178. 41\n",
       "179. 47\n",
       "180. 53\n",
       "181. 8\n",
       "182. 17\n",
       "183. 26\n",
       "184. 35\n",
       "185. 44\n",
       "186. 53\n",
       "187. 62\n",
       "188. 71\n",
       "189. 80\n",
       "190. 11\n",
       "191. 23\n",
       "192. 35\n",
       "193. 47\n",
       "194. 59\n",
       "195. 71\n",
       "196. 83\n",
       "197. 95\n",
       "198. 107\n",
       "199. 14\n",
       "200. 29\n",
       "201. ⋯\n",
       "202. -449\n",
       "203. -414\n",
       "204. -687\n",
       "205. -645\n",
       "206. -603\n",
       "207. -561\n",
       "208. -519\n",
       "209. -477\n",
       "210. -435\n",
       "211. -393\n",
       "212. -351\n",
       "213. -680\n",
       "214. -631\n",
       "215. -582\n",
       "216. -533\n",
       "217. -484\n",
       "218. -435\n",
       "219. -386\n",
       "220. -337\n",
       "221. -288\n",
       "222. -673\n",
       "223. -617\n",
       "224. -561\n",
       "225. -505\n",
       "226. -449\n",
       "227. -393\n",
       "228. -337\n",
       "229. -281\n",
       "230. -225\n",
       "231. -666\n",
       "232. -603\n",
       "233. -540\n",
       "234. -477\n",
       "235. -414\n",
       "236. -351\n",
       "237. -288\n",
       "238. -225\n",
       "239. -162\n",
       "240. -721\n",
       "241. -713\n",
       "242. -705\n",
       "243. -697\n",
       "244. -689\n",
       "245. -681\n",
       "246. -673\n",
       "247. -665\n",
       "248. -657\n",
       "249. -713\n",
       "250. -697\n",
       "251. -681\n",
       "252. -665\n",
       "253. -649\n",
       "254. -633\n",
       "255. -617\n",
       "256. -601\n",
       "257. -585\n",
       "258. -705\n",
       "259. -681\n",
       "260. -657\n",
       "261. -633\n",
       "262. -609\n",
       "263. -585\n",
       "264. -561\n",
       "265. -537\n",
       "266. -513\n",
       "267. -697\n",
       "268. -665\n",
       "269. -633\n",
       "270. -601\n",
       "271. -569\n",
       "272. -537\n",
       "273. -505\n",
       "274. -473\n",
       "275. -441\n",
       "276. -689\n",
       "277. -649\n",
       "278. -609\n",
       "279. -569\n",
       "280. -529\n",
       "281. -489\n",
       "282. -449\n",
       "283. -409\n",
       "284. -369\n",
       "285. -681\n",
       "286. -633\n",
       "287. -585\n",
       "288. -537\n",
       "289. -489\n",
       "290. -441\n",
       "291. -393\n",
       "292. -345\n",
       "293. -297\n",
       "294. -673\n",
       "295. -617\n",
       "296. -561\n",
       "297. -505\n",
       "298. -449\n",
       "299. -393\n",
       "300. -337\n",
       "301. -281\n",
       "302. -225\n",
       "303. -665\n",
       "304. -601\n",
       "305. -537\n",
       "306. -473\n",
       "307. -409\n",
       "308. -345\n",
       "309. -281\n",
       "310. -217\n",
       "311. -153\n",
       "312. -657\n",
       "313. -585\n",
       "314. -513\n",
       "315. -441\n",
       "316. -369\n",
       "317. -297\n",
       "318. -225\n",
       "319. -153\n",
       "320. -81\n",
       "321. -720\n",
       "322. -711\n",
       "323. -702\n",
       "324. -693\n",
       "325. -684\n",
       "326. -675\n",
       "327. -666\n",
       "328. -657\n",
       "329. -648\n",
       "330. -711\n",
       "331. -693\n",
       "332. -675\n",
       "333. -657\n",
       "334. -639\n",
       "335. -621\n",
       "336. -603\n",
       "337. -585\n",
       "338. -567\n",
       "339. -702\n",
       "340. -675\n",
       "341. -648\n",
       "342. -621\n",
       "343. -594\n",
       "344. -567\n",
       "345. -540\n",
       "346. -513\n",
       "347. -486\n",
       "348. -693\n",
       "349. -657\n",
       "350. -621\n",
       "351. -585\n",
       "352. -549\n",
       "353. -513\n",
       "354. -477\n",
       "355. -441\n",
       "356. -405\n",
       "357. -684\n",
       "358. -639\n",
       "359. -594\n",
       "360. -549\n",
       "361. -504\n",
       "362. -459\n",
       "363. -414\n",
       "364. -369\n",
       "365. -324\n",
       "366. -675\n",
       "367. -621\n",
       "368. -567\n",
       "369. -513\n",
       "370. -459\n",
       "371. -405\n",
       "372. -351\n",
       "373. -297\n",
       "374. -243\n",
       "375. -666\n",
       "376. -603\n",
       "377. -540\n",
       "378. -477\n",
       "379. -414\n",
       "380. -351\n",
       "381. -288\n",
       "382. -225\n",
       "383. -162\n",
       "384. -657\n",
       "385. -585\n",
       "386. -513\n",
       "387. -441\n",
       "388. -369\n",
       "389. -297\n",
       "390. -225\n",
       "391. -153\n",
       "392. -81\n",
       "393. -648\n",
       "394. -567\n",
       "395. -486\n",
       "396. -405\n",
       "397. -324\n",
       "398. -243\n",
       "399. -162\n",
       "400. -81\n",
       "401. 0\n",
       "\n",
       "\n"
      ],
      "text/plain": [
       ", , 1, 1, 1, 1\n",
       "\n",
       "      [,1] [,2] [,3] [,4] [,5] [,6] [,7] [,8] [,9]\n",
       " [1,]    0    1    2    3    4    5    6    7    8\n",
       " [2,]    1    3    5    7    9   11   13   15   17\n",
       " [3,]    2    5    8   11   14   17   20   23   26\n",
       " [4,]    3    7   11   15   19   23   27   31   35\n",
       " [5,]    4    9   14   19   24   29   34   39   44\n",
       " [6,]    5   11   17   23   29   35   41   47   53\n",
       " [7,]    6   13   20   27   34   41   48   55   62\n",
       " [8,]    7   15   23   31   39   47   55   63   71\n",
       " [9,]    8   17   26   35   44   53   62   71   80\n",
       "\n",
       ", , 2, 1, 1, 1\n",
       "\n",
       "      [,1] [,2] [,3] [,4] [,5] [,6] [,7] [,8] [,9]\n",
       " [1,]    1    3    5    7    9   11   13   15   17\n",
       " [2,]    3    7   11   15   19   23   27   31   35\n",
       " [3,]    5   11   17   23   29   35   41   47   53\n",
       " [4,]    7   15   23   31   39   47   55   63   71\n",
       " [5,]    9   19   29   39   49   59   69   79   89\n",
       " [6,]   11   23   35   47   59   71   83   95  107\n",
       " [7,]   13   27   41   55   69   83   97  111  125\n",
       " [8,]   15   31   47   63   79   95  111  127  143\n",
       " [9,]   17   35   53   71   89  107  125  143  161\n",
       "\n",
       ", , 3, 1, 1, 1\n",
       "\n",
       "      [,1] [,2] [,3] [,4] [,5] [,6] [,7] [,8] [,9]\n",
       " [1,]    2    5    8   11   14   17   20   23   26\n",
       " [2,]    5   11   17   23   29   35   41   47   53\n",
       " [3,]    8   17   26   35   44   53   62   71   80\n",
       " [4,]   11   23   35   47   59   71   83   95  107\n",
       " [5,]   14   29   44   59   74   89  104  119  134\n",
       " [6,]   17   35   53   71   89  107  125  143  161\n",
       " [7,]   20   41   62   83  104  125  146  167  188\n",
       " [8,]   23   47   71   95  119  143  167  191  215\n",
       " [9,]   26   53   80  107  134  161  188  215  242\n",
       "\n",
       ", , 4, 1, 1, 1\n",
       "\n",
       "      [,1] [,2] [,3] [,4] [,5] [,6] [,7] [,8] [,9]\n",
       " [1,]    3    7   11   15   19   23   27   31   35\n",
       " [2,]    7   15   23   31   39   47   55   63   71\n",
       " [3,]   11   23   35   47   59   71   83   95  107\n",
       " [4,]   15   31   47   63   79   95  111  127  143\n",
       " [5,]   19   39   59   79   99  119  139  159  179\n",
       " [6,]   23   47   71   95  119  143  167  191  215\n",
       " [7,]   27   55   83  111  139  167  195  223  251\n",
       " [8,]   31   63   95  127  159  191  223  255  287\n",
       " [9,]   35   71  107  143  179  215  251  287  323\n",
       "\n",
       ", , 5, 1, 1, 1\n",
       "\n",
       "      [,1] [,2] [,3] [,4] [,5] [,6] [,7] [,8] [,9]\n",
       " [1,]    4    9   14   19   24   29   34   39   44\n",
       " [2,]    9   19   29   39   49   59   69   79   89\n",
       " [3,]   14   29   44   59   74   89  104  119  134\n",
       " [4,]   19   39   59   79   99  119  139  159  179\n",
       " [5,]   24   49   74   99  124  149  174  199  224\n",
       " [6,]   29   59   89  119  149  179  209  239  269\n",
       " [7,]   34   69  104  139  174  209  244  279  314\n",
       " [8,]   39   79  119  159  199  239  279  319  359\n",
       " [9,]   44   89  134  179  224  269  314  359  404\n",
       "\n",
       ", , 6, 1, 1, 1\n",
       "\n",
       "      [,1] [,2] [,3] [,4] [,5] [,6] [,7] [,8] [,9]\n",
       " [1,]    5   11   17   23   29   35   41   47   53\n",
       " [2,]   11   23   35   47   59   71   83   95  107\n",
       " [3,]   17   35   53   71   89  107  125  143  161\n",
       " [4,]   23   47   71   95  119  143  167  191  215\n",
       " [5,]   29   59   89  119  149  179  209  239  269\n",
       " [6,]   35   71  107  143  179  215  251  287  323\n",
       " [7,]   41   83  125  167  209  251  293  335  377\n",
       " [8,]   47   95  143  191  239  287  335  383  431\n",
       " [9,]   53  107  161  215  269  323  377  431  485\n",
       "\n",
       ", , 7, 1, 1, 1\n",
       "\n",
       "      [,1] [,2] [,3] [,4] [,5] [,6] [,7] [,8] [,9]\n",
       " [1,]    6   13   20   27   34   41   48   55   62\n",
       " [2,]   13   27   41   55   69   83   97  111  125\n",
       " [3,]   20   41   62   83  104  125  146  167  188\n",
       " [4,]   27   55   83  111  139  167  195  223  251\n",
       " [5,]   34   69  104  139  174  209  244  279  314\n",
       " [6,]   41   83  125  167  209  251  293  335  377\n",
       " [7,]   48   97  146  195  244  293  342  391  440\n",
       " [8,]   55  111  167  223  279  335  391  447  503\n",
       " [9,]   62  125  188  251  314  377  440  503  566\n",
       "\n",
       ", , 8, 1, 1, 1\n",
       "\n",
       "      [,1] [,2] [,3] [,4] [,5] [,6] [,7] [,8] [,9]\n",
       " [1,]    7   15   23   31   39   47   55   63   71\n",
       " [2,]   15   31   47   63   79   95  111  127  143\n",
       " [3,]   23   47   71   95  119  143  167  191  215\n",
       " [4,]   31   63   95  127  159  191  223  255  287\n",
       " [5,]   39   79  119  159  199  239  279  319  359\n",
       " [6,]   47   95  143  191  239  287  335  383  431\n",
       " [7,]   55  111  167  223  279  335  391  447  503\n",
       " [8,]   63  127  191  255  319  383  447  511  575\n",
       " [9,]   71  143  215  287  359  431  503  575  647\n",
       "\n",
       ", , 9, 1, 1, 1\n",
       "\n",
       "      [,1] [,2] [,3] [,4] [,5] [,6] [,7] [,8] [,9]\n",
       " [1,]    8   17   26   35   44   53   62   71   80\n",
       " [2,]   17   35   53   71   89  107  125  143  161\n",
       " [3,]   26   53   80  107  134  161  188  215  242\n",
       " [4,]   35   71  107  143  179  215  251  287  323\n",
       " [5,]   44   89  134  179  224  269  314  359  404\n",
       " [6,]   53  107  161  215  269  323  377  431  485\n",
       " [7,]   62  125  188  251  314  377  440  503  566\n",
       " [8,]   71  143  215  287  359  431  503  575  647\n",
       " [9,]   80  161  242  323  404  485  566  647  728\n",
       "\n",
       ", , 1, 2, 1, 1\n",
       "\n",
       "      [,1] [,2] [,3] [,4] [,5] [,6] [,7] [,8] [,9]\n",
       " [1,]   -1    0    1    2    3    4    5    6    7\n",
       " [2,]    0    2    4    6    8   10   12   14   16\n",
       " [3,]    1    4    7   10   13   16   19   22   25\n",
       " [4,]    2    6   10   14   18   22   26   30   34\n",
       " [5,]    3    8   13   18   23   28   33   38   43\n",
       " [6,]    4   10   16   22   28   34   40   46   52\n",
       " [7,]    5   12   19   26   33   40   47   54   61\n",
       " [8,]    6   14   22   30   38   46   54   62   70\n",
       " [9,]    7   16   25   34   43   52   61   70   79\n",
       "\n",
       ", , 2, 2, 1, 1\n",
       "\n",
       "      [,1] [,2] [,3] [,4] [,5] [,6] [,7] [,8] [,9]\n",
       " [1,]    0    2    4    6    8   10   12   14   16\n",
       " [2,]    2    6   10   14   18   22   26   30   34\n",
       " [3,]    4   10   16   22   28   34   40   46   52\n",
       " [4,]    6   14   22   30   38   46   54   62   70\n",
       " [5,]    8   18   28   38   48   58   68   78   88\n",
       " [6,]   10   22   34   46   58   70   82   94  106\n",
       " [7,]   12   26   40   54   68   82   96  110  124\n",
       " [8,]   14   30   46   62   78   94  110  126  142\n",
       " [9,]   16   34   52   70   88  106  124  142  160\n",
       "\n",
       ", , 3, 2, 1, 1\n",
       "\n",
       "      [,1] [,2] [,3] [,4] [,5] [,6] [,7] [,8] [,9]\n",
       " [1,]    1    4    7   10   13   16   19   22   25\n",
       " [2,]    4   10   16   22   28   34   40   46   52\n",
       " [3,]    7   16   25   34   43   52   61   70   79\n",
       " [4,]   10   22   34   46   58   70   82   94  106\n",
       " [5,]   13   28   43   58   73   88  103  118  133\n",
       " [6,]   16   34   52   70   88  106  124  142  160\n",
       " [7,]   19   40   61   82  103  124  145  166  187\n",
       " [8,]   22   46   70   94  118  142  166  190  214\n",
       " [9,]   25   52   79  106  133  160  187  214  241\n",
       "\n",
       ", , 4, 2, 1, 1\n",
       "\n",
       "      [,1] [,2] [,3] [,4] [,5] [,6] [,7] [,8] [,9]\n",
       " [1,]    2    6   10   14   18   22   26   30   34\n",
       " [2,]    6   14   22   30   38   46   54   62   70\n",
       " [3,]   10   22   34   46   58   70   82   94  106\n",
       " [4,]   14   30   46   62   78   94  110  126  142\n",
       " [5,]   18   38   58   78   98  118  138  158  178\n",
       " [6,]   22   46   70   94  118  142  166  190  214\n",
       " [7,]   26   54   82  110  138  166  194  222  250\n",
       " [8,]   30   62   94  126  158  190  222  254  286\n",
       " [9,]   34   70  106  142  178  214  250  286  322\n",
       "\n",
       ", , 5, 2, 1, 1\n",
       "\n",
       "      [,1] [,2] [,3] [,4] [,5] [,6] [,7] [,8] [,9]\n",
       " [1,]    3    8   13   18   23   28   33   38   43\n",
       " [2,]    8   18   28   38   48   58   68   78   88\n",
       " [3,]   13   28   43   58   73   88  103  118  133\n",
       " [4,]   18   38   58   78   98  118  138  158  178\n",
       " [5,]   23   48   73   98  123  148  173  198  223\n",
       " [6,]   28   58   88  118  148  178  208  238  268\n",
       " [7,]   33   68  103  138  173  208  243  278  313\n",
       " [8,]   38   78  118  158  198  238  278  318  358\n",
       " [9,]   43   88  133  178  223  268  313  358  403\n",
       "\n",
       ", , 6, 2, 1, 1\n",
       "\n",
       "      [,1] [,2] [,3] [,4] [,5] [,6] [,7] [,8] [,9]\n",
       " [1,]    4   10   16   22   28   34   40   46   52\n",
       " [2,]   10   22   34   46   58   70   82   94  106\n",
       " [3,]   16   34   52   70   88  106  124  142  160\n",
       " [4,]   22   46   70   94  118  142  166  190  214\n",
       " [5,]   28   58   88  118  148  178  208  238  268\n",
       " [6,]   34   70  106  142  178  214  250  286  322\n",
       " [7,]   40   82  124  166  208  250  292  334  376\n",
       " [8,]   46   94  142  190  238  286  334  382  430\n",
       " [9,]   52  106  160  214  268  322  376  430  484\n",
       "\n",
       ", , 7, 2, 1, 1\n",
       "\n",
       "      [,1] [,2] [,3] [,4] [,5] [,6] [,7] [,8] [,9]\n",
       " [1,]    5   12   19   26   33   40   47   54   61\n",
       " [2,]   12   26   40   54   68   82   96  110  124\n",
       " [3,]   19   40   61   82  103  124  145  166  187\n",
       " [4,]   26   54   82  110  138  166  194  222  250\n",
       " [5,]   33   68  103  138  173  208  243  278  313\n",
       " [6,]   40   82  124  166  208  250  292  334  376\n",
       " [7,]   47   96  145  194  243  292  341  390  439\n",
       " [8,]   54  110  166  222  278  334  390  446  502\n",
       " [9,]   61  124  187  250  313  376  439  502  565\n",
       "\n",
       ", , 8, 2, 1, 1\n",
       "\n",
       "      [,1] [,2] [,3] [,4] [,5] [,6] [,7] [,8] [,9]\n",
       " [1,]    6   14   22   30   38   46   54   62   70\n",
       " [2,]   14   30   46   62   78   94  110  126  142\n",
       " [3,]   22   46   70   94  118  142  166  190  214\n",
       " [4,]   30   62   94  126  158  190  222  254  286\n",
       " [5,]   38   78  118  158  198  238  278  318  358\n",
       " [6,]   46   94  142  190  238  286  334  382  430\n",
       " [7,]   54  110  166  222  278  334  390  446  502\n",
       " [8,]   62  126  190  254  318  382  446  510  574\n",
       " [9,]   70  142  214  286  358  430  502  574  646\n",
       "\n",
       ", , 9, 2, 1, 1\n",
       "\n",
       "      [,1] [,2] [,3] [,4] [,5] [,6] [,7] [,8] [,9]\n",
       " [1,]    7   16   25   34   43   52   61   70   79\n",
       " [2,]   16   34   52   70   88  106  124  142  160\n",
       " [3,]   25   52   79  106  133  160  187  214  241\n",
       " [4,]   34   70  106  142  178  214  250  286  322\n",
       " [5,]   43   88  133  178  223  268  313  358  403\n",
       " [6,]   52  106  160  214  268  322  376  430  484\n",
       " [7,]   61  124  187  250  313  376  439  502  565\n",
       " [8,]   70  142  214  286  358  430  502  574  646\n",
       " [9,]   79  160  241  322  403  484  565  646  727\n",
       "\n",
       ", , 1, 3, 1, 1\n",
       "\n",
       "      [,1] [,2] [,3] [,4] [,5] [,6] [,7] [,8] [,9]\n",
       " [1,]   -2   -1    0    1    2    3    4    5    6\n",
       " [2,]   -1    1    3    5    7    9   11   13   15\n",
       " [3,]    0    3    6    9   12   15   18   21   24\n",
       " [4,]    1    5    9   13   17   21   25   29   33\n",
       " [5,]    2    7   12   17   22   27   32   37   42\n",
       " [6,]    3    9   15   21   27   33   39   45   51\n",
       " [7,]    4   11   18   25   32   39   46   53   60\n",
       " [8,]    5   13   21   29   37   45   53   61   69\n",
       " [9,]    6   15   24   33   42   51   60   69   78\n",
       "\n",
       ", , 2, 3, 1, 1\n",
       "\n",
       "      [,1] [,2] [,3] [,4] [,5] [,6] [,7] [,8] [,9]\n",
       " [1,]   -1    1    3    5    7    9   11   13   15\n",
       " [2,]    1    5    9   13   17   21   25   29   33\n",
       " [3,]    3    9   15   21   27   33   39   45   51\n",
       " [4,]    5   13   21   29   37   45   53   61   69\n",
       " [5,]    7   17   27   37   47   57   67   77   87\n",
       " [6,]    9   21   33   45   57   69   81   93  105\n",
       " [7,]   11   25   39   53   67   81   95  109  123\n",
       " [8,]   13   29   45   61   77   93  109  125  141\n",
       " [9,]   15   33   51   69   87  105  123  141  159\n",
       "\n",
       ", , 3, 3, 1, 1\n",
       "\n",
       "      [,1] [,2] [,3] [,4] [,5] [,6] [,7] [,8] [,9]\n",
       " [1,]    0    3    6    9   12   15   18   21   24\n",
       " [2,]    3    9   15   21   27   33   39   45   51\n",
       " [3,]    6   15   24   33   42   51   60   69   78\n",
       " [4,]    9   21   33   45   57   69   81   93  105\n",
       " [5,]   12   27   42   57   72   87  102  117  132\n",
       " [6,]   15   33   51   69   87  105  123  141  159\n",
       " [7,]   18   39   60   81  102  123  144  165  186\n",
       " [8,]   21   45   69   93  117  141  165  189  213\n",
       " [9,]   24   51   78  105  132  159  186  213  240\n",
       "\n",
       ", , 4, 3, 1, 1\n",
       "\n",
       "      [,1] [,2] [,3] [,4] [,5] [,6] [,7] [,8] [,9]\n",
       " [1,]    1    5    9   13   17   21   25   29   33\n",
       " [2,]    5   13   21   29   37   45   53   61   69\n",
       " [3,]    9   21   33   45   57   69   81   93  105\n",
       " [4,]   13   29   45   61   77   93  109  125  141\n",
       " [5,]   17   37   57   77   97  117  137  157  177\n",
       " [6,]   21   45   69   93  117  141  165  189  213\n",
       " [7,]   25   53   81  109  137  165  193  221  249\n",
       " [8,]   29   61   93  125  157  189  221  253  285\n",
       " [9,]   33   69  105  141  177  213  249  285  321\n",
       "\n",
       ", , 5, 3, 1, 1\n",
       "\n",
       "      [,1] [,2] [,3] [,4] [,5] [,6] [,7] [,8] [,9]\n",
       " [1,]    2    7   12   17   22   27   32   37   42\n",
       " [2,]    7   17   27   37   47   57   67   77   87\n",
       " [3,]   12   27   42   57   72   87  102  117  132\n",
       " [4,]   17   37   57   77   97  117  137  157  177\n",
       " [5,]   22   47   72   97  122  147  172  197  222\n",
       " [6,]   27   57   87  117  147  177  207  237  267\n",
       " [7,]   32   67  102  137  172  207  242  277  312\n",
       " [8,]   37   77  117  157  197  237  277  317  357\n",
       " [9,]   42   87  132  177  222  267  312  357  402\n",
       "\n",
       ", , 6, 3, 1, 1\n",
       "\n",
       "      [,1] [,2] [,3] [,4] [,5] [,6] [,7] [,8] [,9]\n",
       " [1,]    3    9   15   21   27   33   39   45   51\n",
       " [2,]    9   21   33   45   57   69   81   93  105\n",
       " [3,]   15   33   51   69   87  105  123  141  159\n",
       " [4,]   21   45   69   93  117  141  165  189  213\n",
       " [5,]   27   57   87  117  147  177  207  237  267\n",
       " [6,]   33   69  105  141  177  213  249  285  321\n",
       " [7,]   39   81  123  165  207  249  291  333  375\n",
       " [8,]   45   93  141  189  237  285  333  381  429\n",
       " [9,]   51  105  159  213  267  321  375  429  483\n",
       "\n",
       ", , 7, 3, 1, 1\n",
       "\n",
       "      [,1] [,2] [,3] [,4] [,5] [,6] [,7] [,8] [,9]\n",
       " [1,]    4   11   18   25   32   39   46   53   60\n",
       " [2,]   11   25   39   53   67   81   95  109  123\n",
       " [3,]   18   39   60   81  102  123  144  165  186\n",
       " [4,]   25   53   81  109  137  165  193  221  249\n",
       " [5,]   32   67  102  137  172  207  242  277  312\n",
       " [6,]   39   81  123  165  207  249  291  333  375\n",
       " [7,]   46   95  144  193  242  291  340  389  438\n",
       " [8,]   53  109  165  221  277  333  389  445  501\n",
       " [9,]   60  123  186  249  312  375  438  501  564\n",
       "\n",
       ", , 8, 3, 1, 1\n",
       "\n",
